0.065 0.068 9.411120414733887e-05 0.0001240379810333252 8.510303497314453e-05 9.008169174194336e-06 
0.068 0.065 0.0001240379810333252 7.999539375305175e-05 0.00014500665664672852 2.096867561340332e-05 
0.065 0.068 7.999539375305175e-05 5.805063247680664e-05 1.9998311996459962e-05 5.9997081756591794e-05 
0.068 0.087 5.805063247680664e-05 0.0001250011920928955 4.00090217590332e-06 5.404973030090332e-05 
0.087 0.032 0.0001250011920928955 0.0001150062084197998 6.999421119689941e-05 5.5006980895996096e-05 
0.032 0.065 0.0001150062084197998 5.999183654785156e-05 0.00010599946975708008 9.006738662719727e-06 
0.065 0.087 5.999183654785156e-05 8.600258827209473e-05 2.501058578491211e-05 3.4981250762939455e-05 
0.087 0.068 8.600258827209473e-05 9.496879577636718e-05 3.40273380279541e-05 5.1975250244140625e-05 
0.068 0.032 9.496879577636718e-05 6.99925422668457e-05 8.000874519348145e-05 1.4960050582885742e-05 
0.032 0.065 6.99925422668457e-05 8.895635604858399e-05 7.099580764770508e-05 1.003265380859375e-06 
0.065 0.087 8.895635604858399e-05 8.59978199005127e-05 8.996963500976562e-06 7.995939254760743e-05 
0.087 0.068 8.59978199005127e-05 8.0963134765625e-05 6.999754905700684e-05 1.600027084350586e-05 
0.068 0.032 8.0963134765625e-05 5.099964141845703e-05 6.497049331665038e-05 1.599264144897461e-05 
0.032 0.079 5.099964141845703e-05 8.000016212463379e-05 7.09989070892334e-05 1.9999265670776366e-05 
0.079 0.065 8.000016212463379e-05 6.89990520477295e-05 0.0 8.000016212463379e-05 
0.065 0.087 6.89990520477295e-05 9.50016975402832e-05 1.5027999877929687e-05 5.397105216979981e-05 
0.087 0.068 9.50016975402832e-05 9.496712684631348e-05 6.999969482421876e-05 2.5002002716064453e-05 
0.068 0.072 9.496712684631348e-05 5.200862884521484e-05 5.0026655197143554e-05 4.494047164916992e-05 
0.072 0.032 5.200862884521484e-05 7.894587516784668e-05 1.9385814666748047e-06 5.0070047378540036e-05 
0.032 0.065 7.894587516784668e-05 8.799386024475097e-05 7.901406288146972e-05 6.818771362304687e-08 
0.065 0.087 8.799386024475097e-05 8.203721046447754e-05 7.990598678588867e-06 8.000326156616211e-05 
0.087 0.068 8.203721046447754e-05 6.799983978271484e-05 8.300256729125976e-05 9.653568267822267e-07 
0.068 0.072 6.799983978271484e-05 6.299448013305664e-05 6.999731063842774e-06 6.100010871887207e-05 
0.072 0.032 6.299448013305664e-05 6.399345397949219e-05 2.6000261306762695e-05 3.6994218826293943e-05 
0.032 0.085 6.399345397949219e-05 1.4999866485595703e-05 5.9993743896484376e-05 3.9997100830078125e-06 
0.085 0.079 1.4999866485595703e-05 6.000232696533203e-05 2.4999380111694337e-05 9.999513626098633e-06 
0.079 0.065 6.000232696533203e-05 4.000353813171387e-05 5.041122436523437e-06 5.4961204528808594e-05 
0.065 0.087 4.000353813171387e-05 7.495975494384766e-05 2.9961824417114257e-05 1.004171371459961e-05 
0.087 0.072 7.495975494384766e-05 6.100368499755859e-05 1.89974308013916e-05 5.596232414245606e-05 
0.072 0.068 6.100368499755859e-05 5.9039115905761715e-05 3.5999536514282225e-05 2.5004148483276367e-05 
0.068 0.032 5.9039115905761715e-05 7.500004768371582e-05 3.0007362365722656e-05 2.9031753540039063e-05 
0.032 0.079 7.500004768371582e-05 3.605127334594727e-05 4.399824142456055e-05 3.1001806259155275e-05 
0.079 0.065 3.605127334594727e-05 0.00016099238395690917 5.0002336502075194e-05 1.395106315612793e-05 
0.065 0.087 0.00016099238395690917 0.00016496562957763673 1.1030197143554688e-05 0.00014996218681335448 
0.087 0.032 0.00016496562957763673 3.6008358001708985e-05 0.0001240086555480957 4.0956974029541016e-05 
0.032 0.068 3.6008358001708985e-05 0.0001099531650543213 5.95402717590332e-06 3.0054330825805665e-05 
0.068 0.072 0.0001099531650543213 6.600069999694824e-05 5.3999662399291995e-05 5.59535026550293e-05 
0.072 0.079 6.600069999694824e-05 1.4990329742431641e-05 0.00011100912094116211 4.5008420944213866e-05 
0.079 0.068 1.4990329742431641e-05 6.999373435974121e-05 2.9997825622558592e-05 1.5007495880126953e-05 
0.068 0.072 6.999373435974121e-05 0.00015999412536621093 3.5000085830688474e-05 3.4993648529052735e-05 
0.072 0.079 0.00015999412536621093 3.9037704467773435e-05 0.00010499262809753418 5.500149726867676e-05 
0.079 0.065 3.9037704467773435e-05 8.000707626342774e-05 5.0039052963256834e-05 1.1001348495483399e-05 
0.065 0.072 8.000707626342774e-05 0.00011996054649353028 2.496027946472168e-05 5.504679679870606e-05 
0.072 0.068 0.00011996054649353028 4.9998760223388674e-05 8.900809288024902e-05 3.095245361328125e-05 
0.068 0.079 4.9998760223388674e-05 0.0001160273551940918 1.603531837463379e-05 3.3963441848754884e-05 
0.079 0.032 0.0001160273551940918 9.900403022766113e-05 9.959697723388672e-06 0.00010606765747070312 
0.032 0.072 9.900403022766113e-05 6.499838829040527e-05 6.499910354614257e-05 3.400492668151856e-05 
0.072 0.079 6.499838829040527e-05 4.5000314712524415e-05 9.000611305236816e-05 2.500772476196289e-05 
0.079 0.065 4.5000314712524415e-05 9.39633846282959e-05 1.5030384063720704e-05 2.996993064880371e-05 
0.065 0.087 9.39633846282959e-05 7.396388053894042e-05 3.100514411926269e-05 6.29582405090332e-05 
0.087 0.072 7.396388053894042e-05 4.900002479553222e-05 6.496453285217285e-05 8.999347686767579e-06 
0.072 0.068 4.900002479553222e-05 7.396650314331055e-05 1.0026216506958007e-05 3.8973808288574216e-05 
0.068 0.032 7.396650314331055e-05 7.5972318649292e-05 4.300379753112793e-05 3.0962705612182615e-05 
0.032 0.079 7.5972318649292e-05 2.6009321212768553e-05 4.996299743652344e-05 2.6009321212768553e-05 
0.079 0.065 2.6009321212768553e-05 5.400228500366211e-05 5.600357055664062e-05 2.9994249343872072e-05 
0.065 0.072 5.400228500366211e-05 7.400584220886231e-05 9.968280792236328e-07 5.3005456924438476e-05 
0.072 0.068 7.400584220886231e-05 8.999133110046387e-05 7.901644706726074e-05 5.010604858398437e-06 
0.068 0.032 8.999133110046387e-05 7.539153099060058e-05 6.399011611938477e-05 2.6001214981079102e-05 
0.032 0.072 7.539153099060058e-05 8.535504341125488e-05 3.0030250549316407e-05 4.5361280441284176e-05 
0.072 0.065 8.535504341125488e-05 5.000114440917969e-05 9.040260314941406e-05 5.0475597381591795e-06 
0.065 0.079 5.000114440917969e-05 7.995247840881348e-05 1.9988536834716795e-05 3.0012607574462892e-05 
0.079 0.068 7.995247840881348e-05 7.499814033508301e-05 6.096386909484863e-05 1.8988609313964845e-05 
0.068 0.072 7.499814033508301e-05 4.5594453811645507e-05 1.4002799987792969e-05 6.099534034729004e-05 
0.072 0.032 4.5594453811645507e-05 0.00014959526062011718 6.499719619750976e-05 1.9402742385864258e-05 
0.032 0.079 0.00014959526062011718 2.799820899963379e-05 4.659891128540039e-05 0.0001029963493347168 
0.079 0.065 2.799820899963379e-05 6.900548934936524e-05 4.898977279663086e-05 2.099156379699707e-05 
0.065 0.087 6.900548934936524e-05 6.994414329528809e-05 5.054235458374024e-06 6.395125389099121e-05 
0.087 0.072 6.994414329528809e-05 1.5002965927124023e-05 6.495022773742676e-05 4.9939155578613285e-06 
0.072 0.068 1.5002965927124023e-05 4.099893569946289e-05 3.399419784545898e-05 1.899123191833496e-05 
0.068 0.079 4.099893569946289e-05 0.00011000680923461914 5.008459091186524e-06 3.599047660827637e-05 
0.079 0.072 0.00011000680923461914 3.8970232009887696e-05 9.102892875671387e-05 1.8977880477905274e-05 
0.072 0.032 3.8970232009887696e-05 5.799269676208496e-05 9.787082672119142e-07 3.7991523742675784e-05 
0.032 0.087 5.799269676208496e-05 4.999709129333496e-05 7.399225234985352e-05 1.5999555587768555e-05 
0.087 0.079 4.999709129333496e-05 3.99932861328125e-05 4.9967765808105465e-06 4.5000314712524415e-05 
0.079 0.065 3.99932861328125e-05 6.902575492858886e-05 1.0003805160522462e-05 2.9989480972290038e-05 
0.065 0.072 6.902575492858886e-05 5.400848388671875e-05 7.499217987060547e-05 5.966424942016601e-06 
0.072 0.068 5.400848388671875e-05 4.001784324645996e-05 4.900646209716797e-05 5.002021789550781e-06 
0.068 0.079 4.001784324645996e-05 8.200788497924805e-05 4.099249839782715e-05 9.746551513671875e-07 
0.079 0.032 8.200788497924805e-05 7.500672340393066e-05 4.007101058959961e-06 7.800078392028808e-05 
0.032 0.065 7.500672340393066e-05 8.994531631469726e-05 6.604766845703125e-05 8.959054946899414e-06 
0.065 0.087 8.994531631469726e-05 8.59992504119873e-05 4.952192306518555e-06 8.499312400817872e-05 
0.087 0.079 8.59992504119873e-05 3.9006233215332034e-05 8.999443054199219e-05 3.995180130004883e-06 
0.079 0.068 3.9006233215332034e-05 8.996939659118652e-05 1.5030622482299805e-05 2.3975610733032228e-05 
0.068 0.072 8.996939659118652e-05 5.897259712219238e-05 6.499671936035156e-05 2.497267723083496e-05 
0.072 0.065 5.897259712219238e-05 4.100775718688965e-05 8.497166633605957e-05 2.5999069213867188e-05 
0.065 0.079 4.100775718688965e-05 5.400729179382324e-05 4.008054733276367e-06 3.699970245361328e-05 
0.079 0.087 5.400729179382324e-05 2.8995275497436522e-05 4.2003870010375975e-05 1.2003421783447265e-05 
0.087 0.068 2.8995275497436522e-05 6.499838829040527e-05 2.4037837982177735e-05 4.957437515258789e-06 
0.068 0.072 6.499838829040527e-05 9.496164321899414e-05 1.4958381652832032e-05 5.0040006637573245e-05 
0.072 0.079 9.496164321899414e-05 3.899931907653808e-05 8.999204635620117e-05 4.969596862792969e-06 
0.079 0.065 3.899931907653808e-05 5.9956073760986326e-05 4.0031909942626955e-05 1.0325908660888673e-06 
0.065 0.087 5.9956073760986326e-05 0.00010400891304016113 4.001593589782715e-05 1.994013786315918e-05 
0.087 0.068 0.00010400891304016113 5.0000905990600585e-05 7.495450973510742e-05 2.905440330505371e-05 
0.068 0.079 5.0000905990600585e-05 0.00010004162788391114 2.0003318786621095e-05 2.9997587203979493e-05 
0.079 0.072 0.00010004162788391114 4.499673843383789e-05 8.400297164916992e-05 1.603865623474121e-05 
0.072 0.065 4.499673843383789e-05 4.9965620040893554e-05 3.5993099212646486e-05 9.003639221191407e-06 
0.065 0.087 4.9965620040893554e-05 0.00010903811454772949 2.500581741333008e-05 2.4959802627563475e-05 
0.087 0.079 0.00010903811454772949 9.000039100646972e-05 2.0034313201904297e-05 8.90038013458252e-05 
0.079 0.068 9.000039100646972e-05 3.900814056396484e-05 6.696462631225586e-05 2.3035764694213867e-05 
0.068 0.072 3.900814056396484e-05 8.299469947814942e-05 2.2992610931396485e-05 1.601552963256836e-05 
0.072 0.079 8.299469947814942e-05 1.399993896484375e-05 9.000086784362793e-05 7.0061683654785154e-06 
0.079 0.085 1.399993896484375e-05 4.0000200271606444e-05 1.49996280670166e-05 9.996891021728515e-07 
0.085 0.065 4.0000200271606444e-05 8.499979972839355e-05 1.5000343322753905e-05 2.499985694885254e-05 
0.065 0.087 8.499979972839355e-05 7.099461555480958e-05 2.9006004333496093e-05 5.599379539489746e-05 
0.087 0.072 7.099461555480958e-05 2.4000167846679688e-05 5.6993722915649416e-05 1.4000892639160155e-05 
0.072 0.068 2.4000167846679688e-05 4.499506950378418e-05 8.037328720092773e-06 1.5962839126586915e-05 
0.068 0.032 4.499506950378418e-05 8.10239315032959e-05 2.0967960357666015e-05 2.4027109146118164e-05 
0.032 0.079 8.10239315032959e-05 4.999852180480957e-05 1.4998435974121094e-05 6.60254955291748e-05 
0.079 0.072 4.999852180480957e-05 7.00075626373291e-05 8.499717712402344e-05 3.4998655319213864e-05 
0.072 0.065 7.00075626373291e-05 9.003925323486328e-05 4.000139236450195e-05 3.000617027282715e-05 
0.065 0.079 9.003925323486328e-05 5.4955482482910156e-05 6.005001068115234e-05 2.998924255371094e-05 
0.079 0.068 5.4955482482910156e-05 8.496642112731934e-05 1.395583152770996e-05 4.0999650955200196e-05 
0.068 0.032 8.496642112731934e-05 4.603314399719238e-05 2.502608299255371e-05 5.994033813476562e-05 
0.032 0.072 4.603314399719238e-05 0.000121992826461792 4.99725341796875e-05 3.939390182495117e-06 
0.072 0.079 0.000121992826461792 5.500483512878418e-05 7.599329948425292e-05 4.5999526977539064e-05 
0.079 0.065 5.500483512878418e-05 0.00011000609397888184 1.5000581741333008e-05 4.000425338745117e-05 
0.065 0.087 0.00011000609397888184 0.00012500762939453126 4.999876022338867e-06 0.00010500621795654297 
0.087 0.072 0.00012500762939453126 2.1998167037963866e-05 0.00010700821876525879 1.7999410629272462e-05 
0.072 0.068 2.1998167037963866e-05 6.699943542480469e-05 9.982585906982423e-07 2.0999908447265625e-05 
0.068 0.032 6.699943542480469e-05 5.0029754638671876e-05 6.994485855102539e-06 6.000494956970215e-05 
0.032 0.079 5.0029754638671876e-05 9.600615501403808e-05 4.501533508300781e-05 5.0144195556640625e-06 
0.079 0.072 9.600615501403808e-05 6.500506401062012e-05 7.998561859130859e-05 1.602053642272949e-05 
0.072 0.065 6.500506401062012e-05 7.099246978759766e-05 4.399847984313965e-05 2.100658416748047e-05 
0.065 0.087 7.099246978759766e-05 7.995796203613281e-05 2.2040605545043944e-05 4.895186424255371e-05 
0.087 0.079 7.995796203613281e-05 0.00011200761795043945 7.96675682067871e-06 7.19912052154541e-05 
0.079 0.068 0.00011200761795043945 9.399914741516114e-05 4.099917411804199e-05 7.100844383239747e-05 
0.068 0.032 9.399914741516114e-05 7.100391387939453e-05 4.499554634094238e-05 4.900360107421875e-05 
0.032 0.072 7.100391387939453e-05 8.400726318359374e-05 9.004831314086914e-06 6.199908256530762e-05 
0.072 0.079 8.400726318359374e-05 2.90374755859375e-05 8.599281311035156e-05 1.9855499267578124e-06 
0.079 0.065 2.90374755859375e-05 7.900500297546386e-05 3.0001401901245116e-05 9.639263153076172e-07 
0.065 0.085 7.900500297546386e-05 9.999799728393555e-05 9.998321533203125e-06 6.900668144226074e-05 
0.085 0.087 9.999799728393555e-05 5.9959888458251955e-05 3.0039787292480468e-05 6.995820999145508e-05 
0.087 0.072 5.9959888458251955e-05 4.9002408981323244e-05 6.0959815979003906e-05 9.999275207519531e-07 
0.072 0.068 4.9002408981323244e-05 6.800103187561035e-05 1.0068416595458984e-06 4.799556732177734e-05 
0.068 0.032 6.800103187561035e-05 9.498810768127441e-05 8.004665374755859e-06 5.999636650085449e-05 
0.032 0.079 9.498810768127441e-05 4.500055313110352e-05 5.498814582824707e-05 3.999996185302734e-05 
0.079 0.072 4.500055313110352e-05 5.399990081787109e-05 8.000779151916504e-05 3.500723838806152e-05 
0.072 0.087 5.399990081787109e-05 6.496357917785644e-05 5.503010749816894e-05 1.0302066802978515e-06 
0.087 0.065 6.496357917785644e-05 6.0001134872436526e-05 9.701251983642578e-07 6.399345397949219e-05 
0.065 0.079 6.0001134872436526e-05 6.9993257522583e-05 8.993148803710937e-06 5.100798606872559e-05 
0.079 0.068 6.9993257522583e-05 0.00011500120162963868 1.5000104904174804e-05 5.49931526184082e-05 
0.068 0.032 0.00011500120162963868 7.898879051208496e-05 5.001115798950195e-05 6.499004364013672e-05 
0.032 0.072 7.898879051208496e-05 7.000350952148437e-05 3.49886417388916e-05 4.400014877319336e-05 
0.072 0.079 7.000350952148437e-05 5.5001020431518555e-05 9.000015258789062e-05 1.999664306640625e-05 
0.079 0.085 5.5001020431518555e-05 7.500004768371582e-05 1.4999866485595703e-05 4.000115394592285e-05 
0.085 0.065 7.500004768371582e-05 8.999872207641602e-05 0.0 7.500004768371582e-05 
0.065 0.087 8.999872207641602e-05 3.9998054504394534e-05 5.5001020431518555e-05 3.499770164489746e-05 
0.087 0.072 3.9998054504394534e-05 6.50029182434082e-05 3.499770164489746e-05 5.00035285949707e-06 
0.072 0.068 6.50029182434082e-05 6.89997673034668e-05 1.0006427764892578e-06 6.400227546691894e-05 
0.068 0.032 6.89997673034668e-05 6.999993324279785e-05 1.300048828125e-05 5.5999279022216794e-05 
0.032 0.079 6.999993324279785e-05 6.0004472732543944e-05 6.599974632263183e-05 4.000186920166015e-06 
0.079 0.065 6.0004472732543944e-05 2.0998954772949217e-05 5.5006027221679685e-05 4.998445510864258e-06 
0.065 0.087 2.0998954772949217e-05 4.903411865234375e-05 1.500082015991211e-05 5.99813461303711e-06 
0.087 0.072 4.903411865234375e-05 3.5006046295166014e-05 3.99935245513916e-05 9.040594100952148e-06 
